Adams
101
102
103
104
105
107
108
110
111
112
113
114
115
116
201
202
203
204
205
206
207
208
209
210
211
212
213
214
215
216
301
302
303
304
305
306
307
308
309
310
311
312
313
314
315
316
Harrison
104
106
107
108
109
110
111
112
113
201
202
203
204
205
206
207
208
209
210
211
212
213
214
215
301
302
303
304
305
306
307
308
309
310
311
312
313
314
315
Jackson
101
102
103
104
105
106
107
108
109
110
111
112
114
115
116
201
202
203
204
205
206
207
208
209
210
211
212
213
214
215
216
301
302
303
305
306
307
308
309
310
311
313
314
315
316
Jefferson
101
103
104
105
106
107
108
109
110
111
112
113
114
115
201
202
203
204
205
206
207
208
209
210
211
212
213
214
215
301
302
303
304
305
306
307
308
309
310
311
312
313
314
315
Kennedy
101
102
103
104
105
106
107
108
109
110
111
112
113
114
115
201
202
203
204
205
206
207
208
209
210
211
212
213
214
215
301
302
303
305
307
308
309
310
312
313
314
315
Lincoln
101
102
103
104
105
107
108
110
111
112
113
114
115
116
201
202
203
204
205
206
207
208
209
210
211
212
213
214
215
216
301
302
303
304
305
306
307
309
310
311
312
313
314
315
Madison
101
102
103
104
106
107
108
109
110
112
113
114
115
201
202
203
204
205
206
207
208
209
210
212
214
215
301
302
303
304
305
306
307
308
309
310
311
312
313
314
315
Monroe
101
103
104
105
106
107
108
109
110
111
112
113
114
201
202
203
204
205
206
207
208
209
210
211
212
214
215
301
302
303
304
305
306
307
309
310
311
312
313
314
315
Roosevelt
101
102
103
104
105
106
107
108
109
110
111
112
113
114
115
201
202
203
204
205
206
207
208
209
210
211
212
213
214
215
301
302
303
305
306
307
308
309
310
312
313
314
315
Truman
101
102
103
104
105
106
107
109
110
111
114
115
116
201
202
203
204
205
206
207
208
209
210
211
212
213
214
215
216
301
302
303
305
306
307
308
309
310
311
313
314
315
316
Wilson
101
103
104
105
106
107
108
109
110
111
112
113
114
115
201
202
203
204
205
206
207
208
209
210
211
212
214
215
301
302
303
304
305
306
307
308
309
310
311
312
313
314
315
Washington
101
102
103
104
106
107
108
109
110
111
112
113
201
202
203
204
205
206
207
208
209
210
211
212
214
215
301
302
303
304
305
306
307
308
309
310
311
312
313
314
315
Amherst
1003
1004
1005
1006
1007
1008
1011
1012
1013
1014
1015
1016
2003
2004
2005
2006
2007
2008
2011
2012
2013
2014
2015
2016
3003
3004
3005
3006
3007
3008
3011
3012
3013
3014
3015
3016
Brunswick
1003
1004
1005
1006
1007
1008
1009
1010
1013
1014
1015
1016
2003
2004
2005
2006
2007
2008
2009
2010
2013
2014
2015
2016
3003
3004
3005
3006
3007
3008
3009
3010
3013
3014
3015
3016
Carroll
1003
1004
1005
1006
1007
1008
1011
1012
1013
1014
1015
1016
2003
2004
2005
2006
2007
2008
2011
2012
2013
2014
2015
2016
3003
3004
3005
3006
3007
3008
3011
3012
3013
3014
3015
3016
Dickenson
1003
1004
1005
1006
1007
1008
1009
1010
1013
1014
1015
1016
2003
2004
2005
2006
2007
2008
2009
2010
2013
2014
2015
2016
3003
3004
3005
3006
3007
3008
3009
3010
3013
3014
3015
3016
Essex
1003
1004
1005
1006
1007
1108
1011
1012
1013
1014
1015
1016
2003
2004
2005
2006
2007
2008
2011
2012
2013
2014
2015
2016
3003
3004
3005
3006
3007
3008
3011
3012
3013
3014
3015
3016
Franklin
1003
1004
1005
1006
1007
1008
1011
1012
1013
1014
1015
1016
2003
2004
2005
2006
2007
2008
2011
2012
2013
2014
2015
2016
Grayson
1003
1004
1005
1006
1007
1008
1011
1012
1013
1014
1015
1016
