Shenandoah
Adams
101
102
103
104
105
107
108
110
111
112
113
114
115
116
201
202
203
204
205
206
207
208
209
210
211
212
213
214
215
216
301
302
303
304
305
306
307
308
309
310
311
312
313
314
315
316
Harrison
106
107
108
109
110
111
112
113
201
202
203
204
205
206
207
208
209
210
211
213
215
301
302
303
304
305
306
307
308
309
310
311
312
313
315
Jackson
101
102
103
104
105
106
107
108
109
110
111
112
114
115
116
201
202
203
204
205
206
207
208
209
210
211
212
213
214
215
216
301
302
303
305
306
307
308
309
310
311
313
314
315
316
Jefferson
101
103
104
105
106
107
108
109
110
111
112
113
114
201
202
203
204
205
206
207
208
209
210
211
212
213
214
215
301
302
303
304
305
306
307
308
309
310
311
312
313
314
315
Kennedy
101
102
103
104
105
106
107
108
109
110
111
112
113
114
115
201
202
203
204
205
206
207
208
209
210
211
212
213
214
215
301
302
303
305
306
307
308
309
310
312
313
314
315
Lincoln
101
102
103
104
105
107
108
110
111
112
113
114
115
116
201
202
203
204
205
206
207
208
209
210
211
212
213
214
215
216
301
302
303
304
305
306
307
309
310
311
312
313
314
315
Madison
101
102
103
104
106
107
108
109
110
112
113
114
201
202
203
204
205
206
207
208
209
210
211
212
214
215
301
302
303
304
305
306
307
308
309
310
311
312
313
314
315
Monroe
101
103
104
105
106
107
108
109
110
111
112
113
114
115
201
202
203
204
205
206
207
208
209
210
211
212
214
215
301
302
303
304
305
306
307
308
309
310
311
312
313
314
315
Roosevelt
101
102
103
104
105
106
107
108
109
110
111
112
113
114
115
201
202
203
204
205
206
207
208
209
210
211
212
213
214
215
301
302
303
305
306
307
308
309
310
312
313
314
315
Truman
101
102
103
104
105
106
107
109
110
111
114
115
116
201
202
203
204
205
206
207
208
209
210
211
212
213
214
215
216
301
302
303
305
306
307
308
309
310
311
313
314
315
316
Wilson
101
103
104
105
106
107
108
109
110
111
112
113
114
115
201
202
203
204
205
206
207
208
209
210
211
212
213
214
215
301
302
303
304
305
306
307
308
309
310
311
312
313
314
315
Washington
101
102
103
104
106
107
108
109
110
111
112
113
114
115
201
202
203
204
205
206
207
208
209
210
211
212
214
215
301
302
303
304
305
306
307
308
309
310
311
312
313
314
315
Amherst
1003
1004
1005
1006
1007
1008
1010
1011
1012
1013
1014
1015
1016
2002
2003
2004
2005
2006
2007
2008
2010
2011
2012
2013
2014
2015
2016
3002
3003
3004
3005
3006
3007
3008
3010
3011
3012
3013
3014
3015
3016
Brunswick
1002
1003
1004
1005
1006
1007
1008
1009
1010
1011
1013
1014
1015
1016
2002
2003
2004
2005
2006
2007
2008
2009
2010
2011
2013
2014
2015
2016
3002
3003
3004
3005
3006
3007
3008
3009
3010
3011
3013
3014
3015
3016
Carroll
1003
1004
1005
1006
1007
1008
1010
1011
1012
1013
1014
1015
1016
2002
2003
2004
2005
2006
2007
2008
2010
2011
2012
2013
2014
2015
2016
3002
3003
3004
3005
3006
3007
3008
3010
3011
3012
3013
3014
3015
3016
Dickenson
1002
1003
1004
1005
1006
1007
1008
1009
1010
1011
1013
1014
1015
1016
2002
2003
2004
2005
2006
2007
2008
2009
2010
2011
2013
2014
2015
2016
3002
3003
3004
3005
3006
3007
3008
3009
3010
3011
3013
3014
3015
3016
Essex
1002
1003
1004
1005
1006
1007
1108
1010
1011
1012
1013
1014
1015
1016
2002
2003
2004
2005
2006
2007
2008
2010
2011
2012
2013
2014
2015
2016
3002
3003
3004
3005
3006
3007
3008
3010
3011
3012
3013
3014
3015
3016
Franklin
1002
1003
1004
1005
1006
1007
1008
1010
1011
1012
1013
1014
1015
1016
2002
2003
2004
2005
2006
2007
2008
2010
2011
2012
2013
2014
2015
2016
Grayson
1002
1003
1004
1005
1006
1007
1008
1010
1011
1012
1013
1014
1015
1016
2002
2003
2004
2005
2006
2007
2008
2010
2011
2012
2013
2014
2015
2016
Potomac Heights
102
103
103
104
105
106
110
111
112
113
122
126
127
128
129
136
137
138
139
146
148
149
152
153
154
155
202 
203 
203
204 
205
206
210 
211
212
213
215
222
226
227
228
229
236
237
238
239
242
246
248
249
252
253
254
255
302 
303 
303
304 
305
306
310 
311
312
313
315
316
322
326
327
328
329
336
337
338
339
341
342
346
348
349
352
353
354
355
402 
403 
403
404 
405
406
410 
411
412
413
415
416
422
426
427
428
429
436
437
438
439
441
442
446
448
449
452
453
454
455
502 
503 
503
504 
505
506
510 
511
512
513
515
516
522
526
527
528
529
536
537
538
539
541
542
546
548
549
552
553
554
555
Aquia
Rogers
1026
1003
1019
1018
1007
1102
1103
1107
1106
2019
2018
2007
2016
2102
2103
2016
2017
2031
2028
2026
2023
2022
2004
2005
3028
3031
3004
3005
3022
3023
3026
3019
3018
3007
3016
3102
3013
3107
3106
4019
4018
4007
4016
4102
4103
4107
4106
4028
4031
4026
4023
4022
4004
4005
5028
5031
5026
5023
5022
5004
5005
5019
5018
5007
5016
5102
5103
5106
5107
6019
6018
6007
6016
6028
6031
6026
6023
6022
6004
6005
Whitetop
1013
1016
1017
1011
1009
1021
1022
2013
2011
2008
2016
2017
2021
2022
2034
2032
2037
2038
2027
2026
2044
2042
3013
3011
3008
3016
3017
3021
3022
3034
3032
3037
3038
3042
3027
3026
3044
4034
4032
4037
4038
4042
4027
4026
4044
4042
4013
4011
4008
4016
4017
4021
4022
5013
5011
5008
5016
5017
5021
5022
5034
4032
5037
5038
5042
5027
5026
5044
6013
6011
6008
6016
6017
6021
6022
Rappahannock
Eastern Shore
2012
2013
2015
2009
2008
2007
2004
2003
2002
2021
2023
2042
2039
2038
2030
2032
3012
3013
3015
3009
3008
3007
3004
3003
3002
3021
3023
3042
3039
3038
3030
3032
4012
4013
4015
4009
4008
4007
4004
4003
4002
4021
4023
4042
4039
4038
4030
4032
5012
5009
5008
5013
5015
5007
5004
5003
5002
5021
5023
5042
5039
5038
5030
5032
Commonwealth
1215
1213
1211
1209
1207
1205
1203
1201
1218
1220
1222
1224
1226
1228
1230
1232
1216
1214
1212
1210
1208
1206
1204
1202
1217
1219
1221
1223
1225
1227
1229
1231
1315
1313
1311
1309
1307
1305
1303
1301
1318
1320
1322
1324
1326
1328
1330
1332
1316
1314
1312
1310
1308
1306
1304
1302
1317
1319
1321
1323
1325
1327
1329
1331
1415
1413
1411
1409
1407
1405
1403
1401
1418
1420
1422
1424
1426
1428
1430
1432
1416
1414
1412
1410
1408
1406
1404
1402
1417
1419
1421
1423
1425
1427
1429
1431
1515
1513
1511
1509
1507
1505
1503
1501
1518
1520
1522
1524
1526
1528
1530
1532
1516
1514
1512
1510
1508
1506
1504
1502
1517
1519
1521
1523
1525
1527
1529
1531
Dominion
2231
2229
2227
2225
2223
2221
2219
2217
2202
2204
2206
2208
2210
2212
2214
2216
2215
2213
2211
2209
2207
2205
2203
2201
2218
2220
2222
2224
2226
2228
2230
2232
2331
2329
2327
2325
2323
2321
2317
2302
2304
2306
2308
2310
2312
2314
2316
2315
2313
2311
2309
2307
2305
2303
2301
2318
2320
2322
2324
2326
2328
2330
2332
2431
2429
2427
2425
2423
2421
2419
2417
2402
2404
2406
2408
2410
2412
2414
2416
2415
2413
2411
2409
2407
2405
2403
2401
2418
2420
2422
2424
2426
2428
2430
2432
2531
2529
2527
2525
2523
2521
2519
2517
2502
2504
2506
2508
2510
2512
2514
2516
2515
2513
2511
2509
2507
2505
2503
2501
2518
2520
2522
2524
2526
2528
2530
2532
Blue Ridge
203
204
206
208
211
215
218
220
222
224
303
304
306
308
311
315
318
320
322
324
403
404
406
408
411
415
418
420
422
424
503
504
506
508
511
515
518
520
522
524
Northern Neck
153
154
155
158
159
160
202
205
206
207
210
215
220
222
223
224
226
227
228
229
230
231
302
305
306
307
310
315
320
322
323
324
326
327
328
329
330
331
402
405
406
407
410
415
420
422
423
424
426
427
428
429
430
431
502
505
506
507
510
515
520
522
523
524
526
527
528
529
530
531
Sandbridge
203
204
206
208
211
215
217
219
221
223
224
226
303
304
306
308
311
315
317
319
321
323
324
326
403
404
406
408
411
415
417
419
421
423
424
426
503
504
506
508
511
515
517
519
521
523
524
526
603
604
606
608
611
615
617
619
621
623
624
626