Rogers
1026
1003
1019
1018
1007
1102
1103
1107
1106
2019
2018
2007
2016
2102
2103
2016
2017
2031
2028
2026
2023
2022
2004
2005
3028
3031
3004
3005
3022
3023
3026
3019
3018
3007
3016
3102
3013
3107
3106
4019
4018
4007
4016
4102
4103
4107
4106
4028
4031
4026
4023
4022
4004
4005
5028
5031
5026
5023
5022
5004
5005
5019
5018
5007
5016
5102
5103
5106
5107
6019
6018
6007
6016
6028
6031
6026
6023
6022
6004
6005
Whitetop
1013
1016
1017
1011
1009
1021
1022
2013
2011
2008
2016
2017
2021
2022
2034
2032
2037
2038
2027
2026
2044
2042
3013
3011
3008
3016
3017
3021
3022
3034
3032
3037
3038
3042
3027
3026
3044
4034
4032
4037
4038
4042
4027
4026
4044
4042
4013
4011
4008
4016
4017
4021
4022
5013
5011
5008
5016
5017
5021
5022
5034
4032
5037
5038
5042
5027
5026
5044
6013
6011
6008
6016
6017
6021
6022
